-2.9999999999999996	0.000999500166624978
-2.99	0.0010227696065475689
-2.9799999999999995	0.001046580500261629
-2.9699999999999998	0.0010709454334167923
-2.96	0.0010958772835750752
-2.9499999999999997	0.001121389226952929
-2.9399999999999995	0.0011474947453153916
-2.9299999999999997	0.0011742076330295559
-2.9199999999999995	0.0012015420042784664
-2.91	0.0012295123004405495
-2.8999999999999995	0.0012581332976370208
-2.8899999999999997	0.0012874201144517095
-2.88	0.00131738821982752
-2.8699999999999997	0.0013480534411425271
-2.8599999999999994	0.0013794319724707016
-2.8499999999999996	0.00141154038302993
-2.8399999999999994	0.001444395625823991
-2.83	0.0014780150464795971
-2.8199999999999994	0.0015124163922859424
-2.8099999999999996	0.0015476178214386405
-2.8	0.0015836379124944955
-2.7899999999999996	0.0016204956740406562
-2.7799999999999994	0.0016582105545835946
-2.77	0.0016968024526617942
-2.7599999999999993	0.001736291727188366
-2.75	0.00177669920802781
-2.7399999999999998	0.0018180462068118075
-2.7299999999999995	0.0018603545280002631
-2.7199999999999998	0.0019036464801919228
-2.7099999999999995	0.0019479448876914551
-2.6999999999999997	0.0019932731023364347
-2.69	0.002039655015591779
-2.6799999999999997	0.0020871150709173003
-2.6699999999999995	0.0021356782764127002
-2.6599999999999997	0.002185370217748117
-2.6499999999999995	0.0022362170713847718
-2.64	0.0022882456180934874
-2.6299999999999994	0.002341483256775523
-2.6199999999999997	0.0023959580185941576
-2.61	0.002451698581423245
-2.5999999999999996	0.0025087342846178418
-2.59	0.0025670951441170153
-2.58	0.0026268118678822727
-2.5699999999999994	0.002687915871682045
-2.56	0.002750439295226892
-2.5499999999999994	0.002814415018665195
-2.5399999999999996	0.0028798766794450037
-2.53	0.002946858689550691
-2.5199999999999996	0.0030153962531228595
-2.5099999999999993	0.0030855253844678243
-2.5	0.0031572829264671087
-2.4899999999999998	0.0032307065693929493
-2.48	0.003305834870140023
-2.4699999999999998	0.00338270727188128
-2.4599999999999995	0.0034613641241567628
-2.45	0.0035418467034042944
-2.4399999999999995	0.003624197233940807
-2.4299999999999993	0.003708458909404966
-2.42	0.0037946759146676445
-2.4099999999999997	0.0038828934482236788
-2.4	0.003973157745070566
-2.3899999999999997	0.0040655161000868745
-2.3799999999999994	0.004160016891919582
-2.37	0.004256709607389442
-2.3599999999999994	0.004355644866426256
-2.3499999999999996	0.004456874447544057
-2.34	0.004560451313866065
-2.3299999999999996	0.0046664296397112
-2.3199999999999994	0.004774864837753134
-2.31	0.0048858135867621
-2.2999999999999994	0.004999333859941779
-2.29	0.005115484953872151
-2.28	0.005234327518069626
-2.2699999999999996	0.005355923585177558
-2.26	0.005480336601797253
-2.2499999999999996	0.005607631459973006
-2.24	0.005737874529342046
-2.23	0.005871133689963615
-2.2199999999999993	0.006007478365837593
-2.21	0.006146979559126575
-2.1999999999999997	0.006289709885094141
-2.1899999999999995	0.006435743607771438
-2.1799999999999997	0.006585156676366277
-2.1699999999999995	0.006738026762426519
-2.16	0.0068944332977726175
-2.15	0.007054457513210988
-2.1399999999999997	0.007218182478043289
-2.13	0.007385693140384286
-2.1199999999999997	0.007557076368301496
-2.1099999999999994	0.007732420991792166
-2.1	0.00791181784560957
-2.0899999999999994	0.008095359812953729
-2.08	0.00828314187003909
-2.07	0.008475261131555611
-2.0599999999999996	0.008671816897034446
-2.05	0.00887291069813434
-2.04	0.009078646346861952
-2.0300000000000002	0.009289129984739852
-2.02	0.009504470132937537
-2.01	0.009724777743377544
-1.9999999999999996	0.009950166250831893
-1.9899999999999995	0.010180751626023388
-1.9799999999999998	0.010416652429742546
-1.9699999999999998	0.010657989867997708
-1.9599999999999997	0.0109048878482092
-1.9499999999999997	0.011157473036460974
-1.94	0.011415874915824964
-1.93	0.011680225845768
-1.9199999999999995	0.011950661122657302
-1.9099999999999997	0.012227319041373752
-1.8999999999999997	0.01251034095804815
-1.8899999999999997	0.01279987135392957
-1.8799999999999997	0.013096057900399138
-1.8699999999999999	0.01339905152513965
-1.8599999999999999	0.013709006479471042
-1.8499999999999999	0.014026080406862929
-1.8399999999999999	0.014350434412632729
-1.8299999999999998	0.014682233134839073
-1.82	0.015021644816379465
-1.81	0.015368841378297193
-1.7999999999999996	0.015723998494309055
-1.7899999999999998	0.01608729566655509
-1.7799999999999998	0.01645891630258023
-1.7699999999999998	0.016839047793548945
-1.7599999999999998	0.017227881593698147
-1.75	0.017625613301031295
-1.74	0.018032442739253085
-1.7299999999999998	0.01844857404094724
-1.7199999999999998	0.018874215731995325
-1.71	0.019309580817233662
-1.6999999999999997	0.0197548868673465
-1.6899999999999997	0.020210356106987848
-1.6799999999999997	0.020676215504126683
-1.6699999999999997	0.02115269686060739
-1.6599999999999997	0.021640036903912918
-1.6499999999999997	0.02213847738012098
-1.64	0.022648265148037305
-1.63	0.023169652274490193
-1.6199999999999997	0.023702896130767592
-1.6099999999999997	0.02424825949017595
-1.5999999999999999	0.02480601062669674
-1.59	0.02537642341471502
-1.5799999999999998	0.025959777429790498
-1.5699999999999998	0.02655635805043921
-1.5599999999999998	0.027166456560891672
-1.55	0.027790370254787256
-1.5399999999999998	0.028428402539765196
-1.5299999999999998	0.02908086304290447
-1.52	0.029748067716965476
-1.51	0.0304303389473789
-1.4999999999999998	0.031128005659924574
-1.4899999999999998	0.03184140342903874
-1.48	0.03257087458668262
-1.47	0.03331676833170194
-1.4599999999999997	0.03407944083959946
-1.4499999999999997	0.03485925537264056
-1.44	0.03565658239020186
-1.4299999999999997	0.036471799659273385
-1.4199999999999997	0.037305292365010456
-1.4099999999999997	0.03815745322123365
-1.4	0.0390286825807612
-1.3899999999999997	0.039919388545456735
-1.3799999999999997	0.04082998707586383
-1.3699999999999999	0.04176090210029393
-1.3599999999999997	0.04271256562322567
-1.3499999999999996	0.043685417832863616
-1.3399999999999996	0.0446799072076981
-1.3299999999999998	0.04569649062189873
-1.32	0.04673563344936127
-1.3099999999999998	0.04779780966622371
-1.2999999999999998	0.04888350195165103
-1.29	0.04999320178668276
-1.28	0.05112740955092221
-1.2699999999999998	0.052286634616839245
-1.2599999999999998	0.05347139544144108
-1.25	0.05468221965505893
-1.24	0.05591964414698236
-1.2299999999999998	0.05718421514765948
-1.2199999999999998	0.05847648830717023
-1.21	0.05979702876966275
-1.2	0.0611464112434309
-1.1899999999999997	0.06252522006629235
-1.1799999999999997	0.0639340492659155
-1.17	0.06537350261472319
-1.16	0.06684419367898575
-1.1499999999999997	0.06834674586170042
-1.14	0.0698817924388333
-1.13	0.07144997658848407
-1.1199999999999997	0.07305195141251375
-1.1099999999999997	0.0746883799501562
-1.0999999999999999	0.07635993518311501
-1.0899999999999999	0.07806730003162621
-1.08	0.07981116734094562
-1.0699999999999998	0.08159223985769992
-1.0599999999999998	0.08341123019551744
-1.05	0.0852688607893306
-1.04	0.08716586383772218
-1.0299999999999998	0.0891029812326618
-1.02	0.09108096447595404
-1.01	0.09310057458169951
-0.9999999999999998	0.09516258196404048
-0.9899999999999997	0.09726776630944
-0.9799999999999999	0.099416916432719
-0.9699999999999995	0.10161083011604755
-0.96	0.10385031393006139
-0.9500000000000001	0.10613618303625094
-0.9399999999999998	0.10846926096973974
-0.93	0.11085037940154485
-0.9199999999999997	0.1132803778793875
-0.91	0.11576010354609045
-0.8999999999999998	0.11829041083457881
-0.8900000000000001	0.12087216113846855
-0.8799999999999999	0.12350622245720855
-0.87	0.12619346901470818
-0.8599999999999999	0.12893478085036658
-0.8500000000000001	0.1317310433813892
-0.8399999999999999	0.1345831469352573
-0.8300000000000001	0.1374919862511923
-0.8199999999999997	0.14045845994943829
-0.81	0.14348346996716044
-0.7999999999999997	0.14656792095974813
-0.79	0.14971271966628308
-0.7799999999999998	0.15291877423792888
-0.77	0.15618699352797694
-0.7599999999999998	0.15951828634227994
-0.7499999999999999	0.16291356064878948
-0.7399999999999997	0.16637372274491546
-0.7299999999999999	0.16989967638141734
-0.7199999999999998	0.17349232184154317
-0.7099999999999999	0.17715255497413196
-0.6999999999999996	0.18088126617940992
-0.6899999999999998	0.18467933934621805
-0.68	0.18854765073943158
-0.6699999999999998	0.1924870678363514
-0.6600000000000001	0.19649844811087602
-0.6499999999999998	0.20058263776430174
-0.6400000000000001	0.20474047040162957
-0.6299999999999998	0.20897276565231737
-0.6200000000000001	0.2132803277344566
-0.6099999999999999	0.21766394396142885
-0.6000000000000001	0.22212438319015504
-0.5899999999999999	0.226662394210141
-0.5800000000000001	0.2312787040726002
-0.5699999999999998	0.23597401635904358
-0.5599999999999999	0.24074900938882426
-0.5499999999999998	0.2456043343652553
-0.54	0.25054061346003653
-0.5299999999999998	0.2555584378358843
-0.52	0.26065836560739675
-0.5099999999999997	0.26584091974037394
-0.4999999999999999	0.2711065858899754
-0.48999999999999977	0.27645581017831355
-0.47999999999999987	0.2818889969122743
-0.46999999999999964	0.2874065062426018
-0.45999999999999985	0.2930086517655084
-0.4499999999999996	0.2986956980683505
-0.4399999999999999	0.30446785822116595
-0.4300000000000001	0.3103252912161839
-0.41999999999999993	0.3162680993577124
-0.4100000000000001	0.32229632560514765
-0.3999999999999999	0.3284099508721994
-0.39000000000000007	0.334608891285782
-0.37999999999999984	0.3408929954084233
-0.37000000000000005	0.34726204142843053
-0.3599999999999998	0.3537157343224908
-0.35000000000000003	0.3602537029958144
-0.3399999999999998	0.36687549740539827
-0.33000000000000007	0.37358058567245556
-0.3199999999999998	0.3803683511905661
-0.31000000000000005	0.3872380897365981
-0.2999999999999998	0.3941890065919983
-0.29	0.4012202136825709
-0.27999999999999975	0.4083307267454417
-0.27	0.4155194625324531
-0.2599999999999998	0.42278523605983065
-0.25	0.4301267579145319
-0.23999999999999974	0.43754263162829954
-0.22999999999999993	0.4450313511310141
-0.2199999999999997	0.45259129829556066
-0.20999999999999996	0.4602207405869969
-0.19999999999999976	0.46791782882941446
-0.1899999999999999	0.47568059510444727
-0.18000000000000013	0.4835069507959604
-0.16999999999999987	0.49139468479598025
-0.1600000000000001	0.49934146188746054
-0.1499999999999999	0.5073448213199705
-0.14000000000000007	0.5154021755948361
-0.12999999999999987	0.5235108094767031
-0.12000000000000012	0.5316678792488403
-0.10999999999999988	0.5398704122298372
-0.10000000000000006	0.5481153065695883
-0.08999999999999984	0.5563993313426623
-0.08000000000000007	0.5647191269572466
-0.06999999999999984	0.573071205897909
-0.060000000000000074	0.5814519538203273
-0.049999999999999815	0.5898576310160009
-0.04000000000000004	0.598284374264655
-0.029999999999999808	0.6067281990916875
-0.020000000000000028	0.6151850024474546
-0.009999999999999808	0.6236505658245686
0.	0.6321205588285577
0.010000000000000267	0.6405905432163042
0.020000000000000028	0.649055977415546
0.030000000000000266	0.6575122215374717
0.04000000000000003	0.6659545428929524
0.0500000000000003	0.6743781220213494
0.060000000000000026	0.6827780592389816
0.07000000000000031	0.6911493817123504
0.08000000000000008	0.6994870510589813
0.08999999999999986	0.7077859714763637
0.10000000000000009	0.7160409983968388
0.10999999999999988	0.7242469476635074
0.12000000000000012	0.73239860521923
0.1299999999999999	0.7404907372976023
0.1400000000000001	0.7485181011014537
0.14999999999999988	0.7564754559508551
0.1600000000000001	0.7643575748789682
0.16999999999999993	0.7721592566502091
0.18000000000000013	0.7798753381712713
0.18999999999999995	0.7875007072614714
0.20000000000000015	0.7950303157447713
0.20999999999999994	0.802459192821618
0.22000000000000017	0.8097824586745583
0.22999999999999998	0.8169953382573726
0.24000000000000019	0.8240931752133464
0.24999999999999994	0.8310714458642334
0.2600000000000002	0.8379257732075602
0.27	0.8446519408561748
0.28000000000000025	0.8512459068504545
0.29000000000000004	0.8577038172703441
0.3000000000000002	0.8640220195715287
0.31000000000000005	0.8701970755675246
0.3200000000000003	0.8762257739774327
0.33000000000000007	0.8821051424575245
0.33999999999999975	0.8878324590338411
0.35000000000000003	0.893405262852575
0.3599999999999998	0.8988213641652726
0.3700000000000001	0.9040788534668596
0.3799999999999999	0.9091761097062057
0.39000000000000007	0.9141118074914565
0.3999999999999999	0.9188849232156777
0.41000000000000014	0.9234947400325467
0.4199999999999999	0.9279408516168515
0.43000000000000016	0.9322231646504823
0.43999999999999995	0.9363418999813733
0.4500000000000001	0.9402975924105027
0.45999999999999985	0.9440910890705156
0.47000000000000014	0.9477235463688095
0.47999999999999987	0.9511964254779066
0.49000000000000016	0.9545114863666233
0.5	0.957670780376795
0.5100000000000002	0.9606766413620852
0.52	0.9635316754175441
0.5300000000000001	0.9662387492409981
0.54	0.9688009771798859
0.5500000000000003	0.971221707029687
0.56	0.9735045046624319
0.5700000000000002	0.9756531375758072
0.5800000000000001	0.9776715574648696
0.5899999999999999	0.9795638819292225
0.6000000000000001	0.9813343754384811
0.6099999999999999	0.9829874296878144
0.62	0.9845275434831194
0.6299999999999998	0.9859593023018106
0.6400000000000001	0.9872873576801496
0.6499999999999998	0.9885164065813685
0.6600000000000001	0.98965117090045
0.6699999999999998	0.9906963772612353
0.68	0.9916567372594768
0.6899999999999998	0.9925369283015069
0.7000000000000001	0.993341575182368
0.7099999999999999	0.9940752325395564
0.7200000000000001	0.9947423683090707
0.7299999999999999	0.9953473482992966
0.7400000000000001	0.9958944219855658
0.75	0.9963877096141436
0.7600000000000001	0.9968311906891488
0.7699999999999999	0.9972286938996942
0.7800000000000001	0.9975838885276195
0.7899999999999999	0.9979002773588426
0.8000000000000002	0.9981811911038428
0.81	0.9984297843154238
0.8200000000000002	0.9986490327749595
0.8300000000000001	0.998841732302097
0.8399999999999999	0.9990104989276463
0.85	0.99915777035539
0.8599999999999999	0.9992858086260169
0.87	0.999396703885536
0.8799999999999998	0.9994923791515098
0.8900000000000001	0.999574595963398
0.8999999999999998	0.9996449607982933
0.91	0.9997049321303988
0.9199999999999999	0.9997558280117326
0.93	0.9997988340526898
0.9399999999999998	0.9998350116841433
0.9500000000000001	0.9998653065875834
0.9599999999999997	0.9998905571862033
0.9700000000000001	0.9999115030976246
0.9799999999999999	0.999928793457891
0.99	0.9999429950361913
1.	0.9999546000702375
1.0099999999999996	0.9999640337630763
1.0200000000000002	0.9999716613930697
1.0300000000000002	0.999977794999626
1.04	0.9999826996177518
1.0499999999999998	0.9999865990444389
1.0600000000000003	0.9999896811291222
1.07	0.9999921025888079
1.08	0.9999939933558686
1.0899999999999999	0.9999954604728718
1.0999999999999996	0.9999965915540986
1.1100000000000003	0.9999974578376417
1.12	0.9999981168551489
1.13	0.9999986147484716
1.1399999999999997	0.9999989882637524
1.1500000000000004	0.9999992664539398
1.1600000000000001	0.9999994721204517
1.17	0.9999996230238378
1.1799999999999997	0.9999997328919248
1.1900000000000004	0.9999998122521859
1.2000000000000002	0.999999869113058
1.21	0.9999999095167398
1.2199999999999998	0.9999999379837304
1.2300000000000002	0.999999957867083
1.2400000000000002	0.9999999716321192
1.25	0.9999999810752283
1.2599999999999996	0.9999999874933907
1.2700000000000005	0.999999991814253
1.2800000000000002	0.9999999946949528
1.29	0.9999999965964471
1.2999999999999996	0.9999999978388453
1.3100000000000005	0.9999999986421719
1.3200000000000003	0.9999999991560782
1.3299999999999998	0.9999999994812613
1.3399999999999996	0.9999999996847377
1.3500000000000005	0.9999999998106097
1.36	0.9999999998875685
1.3699999999999999	0.9999999999340609
1.3799999999999997	0.9999999999618054
1.3899999999999995	0.9999999999781559
1.4000000000000001	0.9999999999876685
1.41	0.9999999999931307
1.4199999999999997	0.9999999999962252
1.4299999999999995	0.9999999999979544
1.4400000000000002	0.9999999999989072
1.45	0.9999999999994247
1.4599999999999997	0.9999999999997016
1.4699999999999995	0.9999999999998476
1.4800000000000002	0.9999999999999234
1.49	0.999999999999962
1.4999999999999998	0.9999999999999816
1.5099999999999996	0.9999999999999911
1.5200000000000002	0.9999999999999959
1.53	0.9999999999999981
1.5399999999999998	0.9999999999999991
1.5499999999999998	0.9999999999999996
1.5600000000000003	0.9999999999999998
1.57	0.9999999999999999
1.5799999999999998	1.
1.5899999999999996	1.
1.6000000000000003	1.
1.61	1.
1.62	1.
1.6299999999999997	1.
1.6399999999999995	1.
1.6500000000000001	1.
1.66	1.
1.6699999999999997	1.
1.6799999999999997	1.
1.6900000000000002	1.
1.7000000000000002	1.
1.71	1.
1.7199999999999998	1.
1.7300000000000004	1.
1.74	1.
1.75	1.
1.7599999999999996	1.
1.7700000000000002	1.
1.7800000000000002	1.
1.7899999999999998	1.
1.7999999999999996	1.
1.8100000000000005	1.
1.82	1.
1.8299999999999998	1.
1.8399999999999994	1.
1.8500000000000003	1.
1.86	1.
1.8699999999999999	1.
1.8799999999999997	1.
1.8899999999999997	1.
1.9000000000000001	1.
1.91	1.
1.9199999999999995	1.
1.9299999999999995	1.
1.9400000000000002	1.
1.9499999999999997	1.
1.9599999999999997	1.
1.9699999999999993	1.
1.98	1.
1.99	1.
2.	1.